1.416451e+00
3.465190e-01
1.279438e+00
1.316256e+00
1.587954e+00
-1.258767e-01
2.045346e-01
1.243751e+00
6.665931e-02
7.295279e-01
5.457529e-01
9.092902e-01
2.754827e-01
6.321622e-01
1.685351e+00
1.598868e+00
9.257081e-01
1.121513e+00
-2.601539e-01
8.567253e-01
-5.608786e-01
-1.707175e-02
-2.706442e-01
1.330024e+00
-2.239702e-01
3.622665e-01
-2.885029e-01
-3.388589e-01
1.797419e+00
-7.618343e-02
6.310377e-01
1.413869e+00
8.703356e-01
1.104759e-01
9.301254e-01
6.582893e-01
5.845992e-01
1.734660e+00
1.020403e-01
1.251258e+00
6.641880e-01
1.247793e+00
3.605487e-01
1.539671e+00
7.995539e-02
2.459000e-01
1.338539e+00
1.605664e+00
-4.325873e-01
1.678385e+00
6.623888e-01
-3.934660e-01
-1.386868e-01
9.917446e-01
1.536558e+00
2.373430e-01
-4.459888e-01
-5.519447e-01
4.984842e-01
-4.485700e-01
-2.812811e-02
1.729522e+00
1.565299e+00
1.442207e+00
3.999780e-02
6.954248e-01
3.004967e-01
1.224597e+00
6.300849e-01
1.002537e+00
6.758554e-01
-5.057272e-01
4.503302e-01
1.636404e+00
1.633944e+00
1.130286e+00
8.230417e-02
1.172482e+00
9.359492e-01
2.497168e-01
1.050867e+00
-2.016620e-01
4.562509e-01
1.512181e+00
1.390083e+00
1.928091e-01
-5.047639e-02
1.544094e+00
2.408644e-01
1.048008e+00
1.695524e+00
8.127363e-01
9.775297e-01
1.460823e+00
4.549438e-01
1.617527e+00
3.562480e-01
1.355441e+00
1.042124e+00
1.586333e+00
5.579776e-01
-8.202010e-02
1.680606e+00
1.608308e+00
-2.456160e-01
1.514549e+00
9.385934e-01
4.366882e-01
8.870316e-01
7.454259e-02
1.286405e+00
1.378989e-01
4.728806e-01
-5.734410e-02
-1.499205e-01
6.296321e-02
7.354650e-01
3.996031e-01
-1.929430e-01
1.576329e+00
-3.523891e-01
-2.974192e-01
5.890658e-01
1.225141e+00
1.763404e+00
1.644010e+00
1.042668e+00
3.196520e-01
1.199450e+00
2.847925e-01
1.059849e-01
-4.257231e-02
8.027724e-01
-1.340943e-02
-2.342645e-01
1.157156e+00
-2.988602e-01
1.304329e+00
-2.061554e-01
1.188171e+00
-4.211285e-01
1.680250e+00
-4.739298e-01
6.517521e-01
-1.770944e-01
-2.385031e-02
1.314715e+00
1.158371e+00
9.757528e-01
1.721772e+00
9.347000e-01
1.223364e+00
-3.756469e-01
-2.762342e-01
6.485042e-01
-4.122429e-01
-4.322246e-01
-1.088278e-01
5.074091e-01
1.367225e+00
7.759647e-01
1.213394e+00
-4.753468e-01
-2.212629e-01
1.799985e+00
-1.096113e-01
1.535894e+00
-2.988757e-01
1.794718e+00
-4.702618e-01
1.489296e+00
-4.264109e-01
-5.900121e-01
1.615366e+00
8.253412e-01
-1.671066e-01
-2.084844e-01
3.400566e-01
1.591264e+00
1.367268e+00
2.618289e-01
7.259641e-01
7.906320e-01
4.861820e-01
1.049730e+00
-3.608638e-01
6.739392e-01
1.217505e+00
1.303084e-01
1.781348e+00
7.847307e-01
1.506273e+00
1.194742e+00
9.093838e-01
-5.149898e-01
1.194727e+00
1.399773e+00
1.620904e+00
1.495851e+00
1.394490e+00
1.750642e+00
1.185147e+00
1.568079e+00
1.760630e+00
1.000513e+00
5.934204e-01
-2.064768e-01
1.392028e+00
1.533477e+00
-4.152128e-01
9.592968e-01
-4.694116e-03
9.107513e-01
-5.007125e-02
1.081488e+00
1.604811e-01
1.890649e-01
-4.457291e-02
-4.220137e-01
9.193733e-01
-6.322461e-02
9.627170e-01
6.256463e-01
1.731518e+00
7.210083e-02
7.106565e-01
1.126245e+00
-3.281267e-01
5.315602e-01
8.220958e-01
1.666363e+00
4.822021e-01
2.072427e-01
1.434443e+00
4.428319e-01
-5.922445e-01
2.278631e-01
8.363551e-01
1.399784e+00
-3.865991e-02
1.021142e+00
5.590807e-01
5.566460e-01
1.318936e-01
1.109009e+00
-1.618661e-01
8.923748e-01
-5.019257e-01
3.935610e-01
1.070361e+00
1.017448e+00
9.303364e-01
2.330781e-01
-1.569061e-01
8.618541e-01
9.051789e-01
1.153750e+00
1.880987e-01
1.177052e+00
-1.146893e-01
1.610194e+00
1.043416e+00
9.675128e-01
1.743716e-02
6.778583e-01
-3.896553e-01
2.519266e-02
1.505721e+00
1.046700e+00
-3.750234e-01
-3.329385e-01
2.678422e-01
7.840572e-01
8.237075e-01
9.997358e-01
9.306666e-02
1.261841e+00
9.211059e-02
1.911410e-01
-1.445976e-01
1.762472e+00
-5.914114e-01
1.385739e+00
1.955498e-01
-1.483175e-01
4.475928e-01
1.700729e+00
1.605433e+00
1.235691e+00
1.077781e+00
-3.092564e-01
1.045886e+00
3.211967e-01
1.258256e+00
1.663323e+00
1.599055e+00
1.468601e+00
-1.114843e-01
1.304776e+00
7.153009e-01
1.134923e-01
1.571838e+00
1.583143e+00
1.497550e+00
5.955454e-01
7.828789e-01
-2.093838e-01
5.738681e-02
1.474990e+00
5.817572e-01
5.127892e-01
1.437461e+00
5.903458e-01
9.852789e-02
-1.669890e-01
1.042028e+00
1.146121e+00
-2.662603e-01
8.474612e-01
5.818121e-01
1.411521e+00
1.138205e+00
-1.723020e-01
-6.728270e-02
5.964612e-01
-3.089789e-01
-2.682277e-01
2.650623e-01
1.795368e-01
1.636549e+00
1.580363e+00
8.930291e-01
1.408387e+00
1.363506e+00
5.905786e-01
2.039321e-01
3.463852e-01
9.811948e-01
8.613189e-01
2.137469e-02
-2.370480e-01
-4.258920e-01
-3.411641e-01
9.532977e-01
2.726359e-01
9.184685e-02
1.953260e-01
-3.812434e-01
4.255865e-01
1.642787e+00
8.005687e-01
3.710718e-02
9.809919e-01
1.228267e+00
5.698245e-01
-2.225469e-01
1.519288e+00
9.015968e-01
6.425153e-01
-1.011754e-01
7.381455e-01
4.228785e-01
1.391854e+00
3.465321e-01
-1.361523e-02
1.824323e-01
1.150464e+00
9.327700e-01
1.763627e+00
2.117830e-01
1.554145e+00
-2.734209e-01
3.858911e-01
-5.870195e-01
1.279877e+00
1.258527e+00
1.048274e-01
-3.247972e-01
1.477284e+00
1.130414e+00
-4.820101e-01
4.778523e-01
1.767521e+00
1.098982e+00
-9.388099e-02
5.373455e-01
1.476435e+00
-3.745932e-01
-3.610577e-01
3.189502e-01
1.242314e-01
9.770878e-01
1.341829e+00
-2.839149e-01
-4.763801e-01
-4.717865e-01
4.985175e-01
1.274084e+00
1.060983e+00
4.621446e-01
-3.141329e-01
8.151281e-01
7.887236e-01
6.717581e-01
8.281086e-01
2.686004e-01
1.302851e-01
1.532936e+00
5.438032e-01
-1.924314e-01
8.633499e-01
6.617931e-01
8.854209e-01
8.308709e-01
-3.922510e-02
1.391540e+00
-4.317835e-01
-3.627902e-01
1.616947e+00
-1.928412e-01
5.561600e-01
-5.882181e-02
1.384247e+00
9.798879e-02
2.572633e-01
1.507866e+00
2.262023e-01
1.355781e+00
9.819505e-01
-5.128142e-01
1.792536e-02
1.267818e+00
9.023139e-01
1.406649e+00
1.395757e-01
-6.957753e-02
-1.247506e-01
8.698608e-01
-3.366415e-01
1.019053e+00
1.277429e+00
1.126708e+00
-1.191543e-01
3.628504e-01
1.575793e-01
4.416206e-01
-4.560972e-02
3.257958e-01
6.788304e-01
-2.286630e-01
7.329546e-01
-5.650096e-01
3.125152e-01
3.172012e-01
1.329792e-01
1.169779e+00
2.506762e-02
9.591815e-01
7.255593e-01
1.607018e+00
1.046367e+00
1.343485e+00
1.074836e+00
1.486811e-01
9.501337e-01
-5.855885e-01
6.791036e-01
1.425383e+00
8.842723e-01
9.424621e-01
6.444357e-01
3.617017e-01
2.691704e-01
1.125281e+00
1.324552e+00
1.026750e+00
-2.330981e-01
-5.210576e-01
-4.474546e-01
1.045732e+00
-1.497206e-01
8.855000e-01
1.080723e+00
7.627946e-01
-5.972988e-01
-5.862981e-01
1.325732e-01
2.776877e-02
9.728835e-01
1.458133e+00
-1.652131e-01
2.192507e-01
1.001617e+00
1.509623e+00
9.679319e-01
1.517509e-01
1.524034e+00
-1.529645e-01
-2.228660e-01
6.083064e-01
1.389498e+00
1.021570e+00
1.570008e+00
-1.413321e-01
3.468511e-01
1.094560e+00
1.485418e+00
7.137530e-01
1.173503e+00
1.637963e+00
-4.051467e-02
1.623782e+00
7.234630e-01
1.640208e+00
5.865765e-01
7.261642e-01
1.653910e+00
1.319150e+00
1.353933e+00
8.267935e-01
9.772822e-01
1.788720e+00
1.646044e+00
1.788994e-01
1.498343e+00
8.139760e-01
9.306503e-01
1.222377e+00
1.261012e+00
1.307784e+00
3.068298e-02
8.505091e-01
5.293541e-01
-1.993089e-01
1.309177e+00
1.476205e+00
1.495251e+00
9.945946e-01
3.899582e-01
8.687537e-01
8.325576e-01
9.494436e-01
6.925356e-01
-2.439793e-01
7.896516e-01
-5.208878e-01
1.082185e+00
6.435616e-01
1.398262e+00
6.361178e-01
-3.296449e-01
5.755440e-01
6.248377e-01
-4.836008e-01
1.354443e+00
3.231802e-01
9.303753e-01
4.850937e-01
-2.544432e-01
3.913868e-01
-7.121906e-03
3.762398e-01
-5.581042e-01
1.122232e+00
7.769308e-01
1.351073e+00
7.984374e-01
4.721821e-01
5.456674e-01
1.788396e+00
-4.590642e-01
-4.217750e-01
9.378392e-01
8.334714e-01
-6.575432e-02
-7.250919e-02
9.125836e-01
1.616431e+00
1.171052e+00
5.108454e-01
4.525483e-01
1.441407e+00
1.686389e+00
1.677386e+00
1.557807e+00
1.240833e+00
2.005662e-01
6.881820e-01
-7.407346e-02
5.461230e-01
1.679569e+00
5.188046e-01
1.522363e+00
1.721465e+00
-1.589632e-01
4.992936e-01
1.272537e+00
1.239474e+00
1.571476e+00
1.820487e-02
1.227870e+00
1.712411e+00
1.964299e-01
3.657091e-01
7.458828e-01
7.306756e-01
8.931999e-01
-1.415336e-01
5.471061e-01
2.642523e-01
9.693118e-01
1.599654e+00
-9.434025e-02
8.557012e-01
1.477040e+00
-3.365335e-01
2.965340e-01
-1.223934e-01
9.516484e-01
8.224606e-01
1.023730e+00
8.312172e-01
-4.587348e-01
7.460922e-01
7.526819e-01
-1.769799e-02
-5.546142e-01
2.252193e-01
-5.782238e-01
1.616861e+00
8.434242e-01
1.249646e+00
1.529273e+00
1.639854e+00
-1.846448e-01
4.751557e-01
5.705297e-01
1.308555e+00
9.336221e-01
1.717636e+00
-2.271927e-01
1.029339e-01
1.517290e+00
2.784671e-01
1.558635e+00
1.194331e+00
5.419335e-01
5.516909e-02
1.671937e+00
-3.064180e-01
1.477630e+00
8.956667e-01
1.124799e+00
1.618895e+00
-1.582411e-01
7.748102e-02
-1.988032e-01
-1.128552e-01
9.027003e-01
-1.770269e-01
-2.959938e-01
-5.387548e-02
1.672619e+00
-5.667210e-01
-2.140214e-01
-3.120256e-01
5.084347e-01
9.565083e-01
1.596529e+00
-3.579433e-01
8.741441e-01
-4.306633e-01
3.449906e-01
5.914343e-01
4.478038e-01
1.036257e-01
-1.423507e-02
1.589737e+00
7.587948e-01
-1.422979e-01
-5.166807e-01
4.364244e-01
1.353369e+00
1.208118e+00
2.553193e-01
1.795128e+00
-5.144005e-01
6.565161e-01
-1.177275e-01
9.882998e-01
1.079489e+00
1.862787e-01
1.534424e+00
9.521084e-01
2.195577e-01
-4.795971e-01
1.240083e+00
1.327992e+00
1.076911e+00
1.036612e+00
1.570049e+00
1.510553e-01
1.205949e+00
1.150397e-01
1.342490e+00
-1.462473e-01
8.186654e-01
-4.717454e-01
-3.565100e-01
-2.225398e-01
-1.404333e-02
-2.731908e-01
8.138847e-01
-4.606745e-01
1.534928e+00
1.669204e+00
-4.655468e-01
1.620527e+00
5.257200e-01
1.672572e-02
8.088269e-01
-1.947908e-01
8.030044e-01
5.432512e-01
1.357318e+00
1.622562e+00
6.636541e-01
7.974003e-01
1.150554e+00
-5.943465e-02
3.401251e-02
9.206036e-01
6.916207e-01
-5.600386e-01
1.635643e+00
2.341103e-01
-1.062859e-01
6.543088e-01
3.623648e-01
1.372040e-01
1.031769e+00
9.483215e-01
4.640133e-01
4.565367e-02
1.087647e+00
1.989409e-01
-8.514242e-02
1.222100e+00
1.946801e-02
1.040578e+00
-5.611741e-01
1.428295e+00
1.445787e+00
8.418303e-01
1.715461e-01
1.003104e+00
6.643924e-01
1.435200e+00
5.047250e-04
1.494693e-02
-4.242344e-01
6.345172e-01
1.535551e+00
8.673862e-01
6.744786e-01
1.371194e+00
1.701497e+00
1.168193e+00
2.255027e-01
2.638614e-01
-4.946033e-01
-5.427283e-01
-5.878171e-01
5.694100e-01
1.029253e-01
1.099830e+00
1.368351e+00
6.177829e-01
5.219301e-01
-4.121811e-01
-1.416395e-01
5.607560e-01
1.616114e+00
-4.958527e-01
-3.974136e-01
-1.234007e-02
1.107252e+00
8.669788e-01
-3.771398e-01
1.707756e+00
1.481926e+00
-2.013743e-01
5.422736e-01
1.217476e+00
1.266012e+00
-5.832477e-01
7.886702e-01
1.167509e+00
1.184945e+00
1.614173e+00
-3.686301e-01
1.290342e+00
1.671445e+00
-3.564472e-01
5.975169e-02
-2.563013e-02
1.343383e+00
-3.718974e-01
1.192153e+00
6.531276e-02
-1.840785e-01
1.650513e+00
1.226069e+00
-3.679647e-01
1.754661e+00
1.428655e+00
2.196953e-01
1.061912e+00
4.956340e-01
4.425554e-01
9.696687e-01
1.775598e-01
8.411812e-01
-2.880576e-01
-4.049639e-01
3.071932e-01
-2.713054e-01
9.837063e-01
-3.252983e-01
1.513640e+00
7.978791e-01
-9.392843e-02
1.003981e+00
6.693236e-01
1.496243e-01
1.663733e+00
1.243693e+00
-3.069930e-01
-5.081644e-01
6.358463e-01
3.583198e-01
-9.224288e-02
4.863596e-01
-2.156114e-01
1.397925e-01
4.410202e-01
-5.869563e-01
9.594877e-01
-2.970675e-01
5.086778e-01
-3.979569e-01
1.272601e+00
1.286238e+00
1.043224e+00
1.584544e+00
1.481274e+00
-4.495825e-01
-4.867617e-01
6.649799e-01
-1.748808e-01
1.626878e+00
-3.371410e-01
3.311907e-01
8.308592e-01
9.321826e-01
1.080815e+00
6.945922e-01
3.758761e-01
1.373822e+00
7.864278e-01
1.611722e+00
-6.785819e-02
1.294185e+00
2.980820e-01
3.165304e-01
-3.660226e-01
1.339102e+00
3.295741e-01
1.193465e+00
1.642035e+00
1.438252e+00
1.395508e+00
1.114636e+00
9.244894e-01
6.387326e-01
8.991796e-01
6.057630e-01
7.891500e-01
1.012418e+00
-5.292571e-01
1.214269e+00
8.392957e-01
-2.663981e-01
-2.545401e-01
-1.298451e-01
1.265785e+00
1.426275e+00
1.164747e+00
-1.583393e-01
1.000097e+00
1.511749e-01
-3.466169e-01
1.532239e+00
-3.546402e-01
5.514651e-01
4.876921e-02
-1.206628e-01
9.056736e-02
9.783433e-01
1.672802e+00
-6.739791e-02
6.165952e-01
1.268311e+00
1.647238e+00
-2.589154e-01
1.070431e-01
7.464176e-01
9.468476e-01
1.496193e+00
-4.116452e-02
1.017591e+00
9.104624e-01
1.398131e+00
1.351192e+00
1.255922e+00
-5.317139e-01
8.169771e-01
8.821972e-01
1.233033e+00
1.258638e+00
8.229427e-02
-4.157919e-01
1.512021e+00
-1.854669e-01
-1.704321e-01
2.634860e-01
4.633023e-01
3.089052e-01
9.540534e-01
-3.583544e-01
1.817075e-01
1.486655e+00
8.582408e-01
-3.499820e-01
1.333894e+00
1.199325e+00
3.570612e-01
2.803112e-01
3.461730e-01
5.325432e-02
8.391467e-01
-4.362364e-01
1.563717e+00
4.372779e-01
1.514956e+00
1.019639e+00
5.055640e-01
5.319331e-01
1.018362e-01
-6.140284e-02
-9.429107e-03
7.841305e-01
1.228053e-01
-2.974082e-01
1.198664e+00
5.523732e-01
5.660778e-01
-1.380341e-01
1.461278e+00
-2.798688e-01
1.036115e-01
-1.570142e-01
-5.932133e-01
1.561852e+00
9.300387e-02
1.340680e+00
9.611777e-01
1.050065e+00
-1.790085e-01
-4.926493e-01
1.703319e+00
1.260138e+00
-3.288857e-01
1.467036e+00
-1.025840e-01
1.786070e+00
6.866750e-01
1.002980e+00
5.180035e-01
1.388511e+00
1.541577e+00
1.108574e+00
3.726416e-01
-1.356176e-01
1.411166e+00
-2.286948e-01
1.016756e+00
1.772440e-01
2.332711e-01
6.780340e-01
